Number,Reference ID,Tube Diameter (m),Heated Length (m),Pressure (kPa),Mass Flux (kg/m^2/s),Outlet Quality,Inlet Subcooling (kJ/kg),Inlet Temperature (degreeC ),CHF (kW/m^2),Reference name
4444,14,0.0151,4.019,4992.0,1150.0,0.598,98.07,244.88,1154.0,Peterlongo et al 1966
4445,14,0.0151,4.018,4992.0,1130.0,0.603,93.171,245.89,1141.0,Peterlongo et al 1966
4446,14,0.0151,4.017,4992.0,1100.0,0.595,176.549,228.23,1186.0,Peterlongo et al 1966
4447,14,0.0151,4.018,4992.0,1070.0,0.608,173.28,228.93,1173.0,Peterlongo et al 1966
4448,14,0.0151,4.017,4992.0,1100.0,0.574,237.668,214.11,1207.0,Peterlongo et al 1966
4449,14,0.0151,4.017,4992.0,1070.0,0.59,248.519,212.52,1221.0,Peterlongo et al 1966
4450,14,0.0151,4.019,5011.0,1180.0,0.54,362.593,187.37,1379.0,Peterlongo et al 1966
4451,14,0.0151,4.018,5011.0,1190.0,0.532,364.211,187.02,1381.0,Peterlongo et al 1966
4452,14,0.0151,4.019,5001.0,1190.0,0.532,415.003,175.33,1424.0,Peterlongo et al 1966
4453,14,0.0151,4.019,4992.0,1200.0,0.544,369.398,185.59,1402.0,Peterlongo et al 1966
4454,14,0.0151,4.019,4992.0,1190.0,0.52,369.461,185.52,1347.0,Peterlongo et al 1966
4455,14,0.0151,4.016,4992.0,1190.0,0.532,367.826,185.89,1352.0,Peterlongo et al 1966
4456,14,0.0151,4.019,4992.0,1130.0,0.593,96.432,245.24,1122.0,Peterlongo et al 1966
4457,14,0.0151,4.016,4992.0,1130.0,0.579,94.797,245.58,1098.0,Peterlongo et al 1966
4458,14,0.0151,4.018,4992.0,1100.0,0.592,93.175,245.87,1084.0,Peterlongo et al 1966
4459,14,0.0151,4.018,4992.0,1090.0,0.598,88.278,246.87,1084.0,Peterlongo et al 1966
4460,14,0.0151,4.018,4992.0,1090.0,0.596,-83.36,264.83,906.0,Peterlongo et al 1966
4461,14,0.0151,4.016,4992.0,1100.0,0.592,-83.363,264.82,908.0,Peterlongo et al 1966
4462,14,0.0151,4.017,4992.0,1080.0,0.606,-11.442,264.82,986.0,Peterlongo et al 1966
4463,14,0.0151,4.016,4992.0,1090.0,0.596,-14.712,264.8,971.0,Peterlongo et al 1966
4464,14,0.0151,4.018,4992.0,1520.0,0.5,93.08,246.2,1265.0,Peterlongo et al 1966
4465,14,0.0151,4.019,4992.0,1510.0,0.486,91.443,246.55,1251.0,Peterlongo et al 1966
4466,14,0.0151,4.018,4992.0,1510.0,0.458,205.782,222.2,1343.0,Peterlongo et al 1966
4467,14,0.0151,4.018,4992.0,1510.0,0.457,205.773,222.22,1339.0,Peterlongo et al 1966
4468,14,0.0151,4.018,5011.0,1600.0,0.453,218.631,219.72,1478.0,Peterlongo et al 1966
4469,14,0.0151,4.018,5001.0,1540.0,0.462,254.668,211.65,1451.0,Peterlongo et al 1966
4470,14,0.0151,4.017,5001.0,1520.0,0.445,352.677,189.72,1536.0,Peterlongo et al 1966
4471,14,0.0151,4.019,5011.0,1510.0,0.456,345.996,191.37,1541.0,Peterlongo et al 1966
4472,14,0.0151,4.017,4992.0,1480.0,0.489,-78.373,265.13,987.0,Peterlongo et al 1966
4473,14,0.0151,4.018,4992.0,1490.0,0.496,-79.996,265.17,1013.0,Peterlongo et al 1966
4474,14,0.0151,4.017,4992.0,1490.0,0.489,6.531,263.84,1113.0,Peterlongo et al 1966
4475,14,0.0151,4.018,4992.0,1490.0,0.491,4.898,264.17,1115.0,Peterlongo et al 1966
4476,14,0.0151,4.017,4992.0,2240.0,0.377,96.146,246.18,1482.0,Peterlongo et al 1966
4477,14,0.0151,4.016,4992.0,2210.0,0.381,96.158,246.14,1478.0,Peterlongo et al 1966
4478,14,0.0151,4.018,4982.0,2210.0,0.37,141.89,236.33,1535.0,Peterlongo et al 1966
4479,14,0.0151,4.019,4982.0,2240.0,0.371,138.617,237.05,1552.0,Peterlongo et al 1966
4480,14,0.0151,4.017,4982.0,2280.0,0.342,277.327,206.86,1773.0,Peterlongo et al 1966
4481,14,0.0151,4.017,4992.0,2280.0,0.337,285.349,205.23,1772.0,Peterlongo et al 1966
4482,14,0.0151,4.019,4992.0,2360.0,0.309,386.574,182.36,1954.0,Peterlongo et al 1966
4483,14,0.0151,4.017,4992.0,2360.0,0.311,386.574,182.36,1963.0,Peterlongo et al 1966
4484,14,0.0151,4.017,5001.0,2270.0,0.371,89.589,247.67,1464.0,Peterlongo et al 1966
4485,14,0.0151,4.018,5001.0,2280.0,0.371,89.589,247.67,1468.0,Peterlongo et al 1966
4486,14,0.0151,4.019,4992.0,2270.0,0.37,92.895,246.83,1463.0,Peterlongo et al 1966
4487,14,0.0151,4.018,5001.0,2260.0,0.37,92.859,246.95,1459.0,Peterlongo et al 1966
4488,14,0.0151,4.017,4992.0,2280.0,0.369,96.154,246.15,1474.0,Peterlongo et al 1966
4489,14,0.0151,4.018,4992.0,2280.0,0.369,96.138,246.2,1478.0,Peterlongo et al 1966
4490,14,0.0151,4.017,4992.0,2240.0,0.365,158.131,233.01,1566.0,Peterlongo et al 1966
4491,14,0.0151,4.017,4992.0,2240.0,0.364,154.871,233.71,1557.0,Peterlongo et al 1966
4492,14,0.0151,4.018,5001.0,2240.0,0.366,174.373,229.65,1604.0,Peterlongo et al 1966
4493,14,0.0151,4.008,5001.0,2240.0,0.361,171.114,230.34,1584.0,Peterlongo et al 1966
4494,14,0.0151,4.018,4992.0,2220.0,0.348,239.723,215.26,1664.0,Peterlongo et al 1966
4495,14,0.0151,4.018,4992.0,2220.0,0.35,242.985,214.54,1678.0,Peterlongo et al 1966
4496,14,0.0151,4.019,5041.0,2270.0,0.343,260.361,211.4,1722.0,Peterlongo et al 1966
4497,14,0.0151,4.019,5021.0,2250.0,0.348,258.957,211.44,1722.0,Peterlongo et al 1966
4498,14,0.0151,4.018,4992.0,2290.0,0.316,381.697,183.45,1906.0,Peterlongo et al 1966
4499,14,0.0151,4.017,4992.0,2290.0,0.312,384.96,182.71,1899.0,Peterlongo et al 1966
4500,14,0.0151,4.017,4992.0,2280.0,0.315,352.351,190.09,1833.0,Peterlongo et al 1966
4501,14,0.0151,4.018,4992.0,2280.0,0.319,352.351,190.09,1845.0,Peterlongo et al 1966
4502,14,0.0151,4.017,4992.0,2250.0,0.319,381.73,183.42,1883.0,Peterlongo et al 1966
4503,14,0.0151,4.016,4992.0,2210.0,0.379,22.812,261.17,1310.0,Peterlongo et al 1966
4504,14,0.0151,4.017,4992.0,2210.0,0.382,22.813,261.16,1312.0,Peterlongo et al 1966
4505,14,0.0151,4.019,4992.0,2190.0,0.39,-42.362,265.73,1196.0,Peterlongo et al 1966
4506,14,0.0151,4.017,4992.0,2180.0,0.39,-47.25,265.73,1194.0,Peterlongo et al 1966
4507,14,0.0151,4.019,4992.0,3020.0,0.315,76.436,250.85,1647.0,Peterlongo et al 1966
4508,14,0.0151,4.018,4992.0,3020.0,0.32,73.165,251.6,1663.0,Peterlongo et al 1966
4509,14,0.0151,4.018,4992.0,3050.0,0.299,172.453,230.57,1864.0,Peterlongo et al 1966
4510,14,0.0151,4.017,5050.0,3120.0,0.265,261.444,211.81,2005.0,Peterlongo et al 1966
4511,14,0.0151,4.017,5001.0,3050.0,0.267,266.935,209.87,1980.0,Peterlongo et al 1966
4512,14,0.0151,4.018,4992.0,3080.0,0.234,384.617,183.08,2158.0,Peterlongo et al 1966
4513,14,0.0151,4.017,4992.0,2970.0,0.32,27.633,260.91,1494.0,Peterlongo et al 1966
4514,14,0.0151,4.019,4992.0,3000.0,0.308,27.629,260.94,1507.0,Peterlongo et al 1966
4515,14,0.0151,4.017,4992.0,3030.0,0.327,-42.234,266.59,1353.0,Peterlongo et al 1966
4516,14,0.0151,4.017,4992.0,3020.0,0.327,-42.235,266.58,1348.0,Peterlongo et al 1966
4517,14,0.0151,4.017,4992.0,3870.0,0.269,90.826,248.67,1872.0,Peterlongo et al 1966
4518,14,0.0151,4.016,4992.0,3830.0,0.271,89.223,248.94,1848.0,Peterlongo et al 1966
4519,14,0.0151,4.018,4992.0,3850.0,0.27,89.212,248.98,1845.0,Peterlongo et al 1966
4520,14,0.0151,4.019,4992.0,3830.0,0.269,89.212,248.98,1837.0,Peterlongo et al 1966
4521,14,0.0151,4.018,4992.0,3880.0,0.269,95.716,247.59,1881.0,Peterlongo et al 1966
4522,14,0.0151,4.017,4992.0,3870.0,0.273,94.078,247.98,1894.0,Peterlongo et al 1966
4523,14,0.0151,4.017,4992.0,3890.0,0.242,177.019,230.13,2028.0,Peterlongo et al 1966
4524,14,0.0151,4.018,4992.0,3870.0,0.246,168.87,231.93,2009.0,Peterlongo et al 1966
4525,14,0.0151,4.017,4992.0,3850.0,0.217,248.749,214.23,2124.0,Peterlongo et al 1966
4526,14,0.0151,4.018,4992.0,3860.0,0.217,252.011,213.5,2136.0,Peterlongo et al 1966
4527,14,0.0151,4.018,5001.0,3900.0,0.15,384.305,183.41,2259.0,Peterlongo et al 1966
4528,14,0.0151,4.018,4992.0,3900.0,0.149,386.215,182.74,2259.0,Peterlongo et al 1966
4529,14,0.0151,4.017,4992.0,3940.0,0.145,389.408,182.07,2257.0,Peterlongo et al 1966
4530,14,0.0151,4.017,4992.0,3890.0,0.147,392.666,181.33,2257.0,Peterlongo et al 1966
4531,14,0.0151,4.018,4992.0,3810.0,0.285,22.686,262.77,1678.0,Peterlongo et al 1966
4532,14,0.0151,4.018,4992.0,3800.0,0.287,19.446,263.41,1671.0,Peterlongo et al 1966
4533,14,0.0151,4.019,6463.0,1100.0,0.512,158.234,249.67,974.0,Peterlongo et al 1966
4534,14,0.0151,4.017,6463.0,1090.0,0.509,150.559,251.25,951.0,Peterlongo et al 1966
4535,14,0.0151,4.015,6463.0,1100.0,0.531,73.743,266.78,914.0,Peterlongo et al 1966
4536,14,0.0151,4.016,6463.0,1100.0,0.534,73.737,266.8,919.0,Peterlongo et al 1966
4537,14,0.0151,4.019,6453.0,1100.0,0.501,216.705,237.31,1017.0,Peterlongo et al 1966
4538,14,0.0151,4.018,6463.0,1100.0,0.495,251.946,229.9,1043.0,Peterlongo et al 1966
4539,14,0.0151,4.019,6463.0,1490.0,0.401,153.529,250.81,1068.0,Peterlongo et al 1966
4540,14,0.0151,4.017,6463.0,1480.0,0.402,152.0,251.11,1061.0,Peterlongo et al 1966
4541,14,0.0151,4.021,6443.0,1510.0,0.427,62.993,268.89,1015.0,Peterlongo et al 1966
4542,14,0.0151,4.019,6433.0,1490.0,0.436,59.943,269.39,1017.0,Peterlongo et al 1966
4543,14,0.0151,4.016,6463.0,1490.0,0.399,211.888,238.59,1149.0,Peterlongo et al 1966
4544,14,0.0151,4.016,6463.0,1490.0,0.401,218.011,237.31,1162.0,Peterlongo et al 1966
4545,14,0.0151,4.018,6541.0,2090.0,0.339,61.12,270.61,1131.0,Peterlongo et al 1966
4546,14,0.0151,4.017,6551.0,2170.0,0.343,64.152,270.11,1176.0,Peterlongo et al 1966
4547,14,0.0151,4.018,6531.0,2270.0,0.294,166.68,249.12,1301.0,Peterlongo et al 1966
4548,14,0.0151,4.019,6463.0,2190.0,0.322,151.803,251.49,1315.0,Peterlongo et al 1966
4549,14,0.0151,4.018,6453.0,2190.0,0.309,207.145,239.76,1393.0,Peterlongo et al 1966
4550,14,0.0151,4.017,6443.0,2190.0,0.309,207.216,239.66,1396.0,Peterlongo et al 1966
4551,14,0.0151,4.014,6472.0,2990.0,0.269,78.054,266.88,1359.0,Peterlongo et al 1966
4552,14,0.0151,4.016,6472.0,2990.0,0.271,74.993,267.48,1360.0,Peterlongo et al 1966
4553,14,0.0151,4.013,6482.0,3740.0,0.224,85.573,265.77,1482.0,Peterlongo et al 1966
4554,14,0.0151,4.014,6463.0,3780.0,0.223,81.047,266.49,1471.0,Peterlongo et al 1966
4555,14,0.0151,3.964,6443.0,1110.0,0.498,290.601,221.3,1113.0,Peterlongo et al 1966
4556,14,0.0151,3.964,6453.0,1100.0,0.567,-9.221,280.97,902.0,Peterlongo et al 1966
4557,14,0.0151,3.964,6414.0,1080.0,0.581,-26.169,280.57,895.0,Peterlongo et al 1966
4558,14,0.0151,3.961,6404.0,1500.0,0.451,-13.85,280.64,966.0,Peterlongo et al 1966
4559,14,0.0151,3.964,6404.0,1500.0,0.451,-16.928,280.64,963.0,Peterlongo et al 1966
4560,14,0.0151,3.963,6443.0,2220.0,0.298,219.523,237.02,1424.0,Peterlongo et al 1966
4561,14,0.0151,3.962,6443.0,2200.0,0.263,311.669,217.1,1495.0,Peterlongo et al 1966
4562,14,0.0151,3.962,6443.0,2230.0,0.258,313.218,216.75,1502.0,Peterlongo et al 1966
4563,14,0.0151,3.962,6394.0,2200.0,0.354,-9.225,280.87,1155.0,Peterlongo et al 1966
4564,14,0.0151,3.961,6453.0,3030.0,0.213,229.833,235.33,1590.0,Peterlongo et al 1966
4565,14,0.0151,3.961,6443.0,3030.0,0.215,226.866,235.85,1590.0,Peterlongo et al 1966
4566,14,0.0151,3.962,6463.0,3040.0,0.163,305.101,218.92,1596.0,Peterlongo et al 1966
4567,14,0.0151,3.962,6492.0,3040.0,0.166,306.267,218.99,1600.0,Peterlongo et al 1966
4568,14,0.0151,3.962,6423.0,3040.0,0.285,30.662,275.71,1343.0,Peterlongo et al 1966
4569,14,0.0151,3.963,6423.0,3040.0,0.287,30.661,275.72,1351.0,Peterlongo et al 1966
4570,14,0.0151,3.962,6443.0,3840.0,0.185,153.178,251.47,1574.0,Peterlongo et al 1966
4571,14,0.0151,3.962,6433.0,3830.0,0.194,139.434,254.22,1574.0,Peterlongo et al 1966
4572,14,0.0151,3.964,6443.0,3820.0,0.145,223.828,236.46,1604.0,Peterlongo et al 1966
4573,14,0.0151,3.963,6472.0,3720.0,0.15,225.082,236.52,1592.0,Peterlongo et al 1966
4574,14,0.0151,3.963,6482.0,3850.0,0.109,297.045,221.03,1686.0,Peterlongo et al 1966
4575,14,0.0151,3.962,6482.0,3850.0,0.109,306.257,219.0,1717.0,Peterlongo et al 1966
4576,14,0.0151,3.962,6443.0,3850.0,0.234,30.598,276.22,1451.0,Peterlongo et al 1966
4577,14,0.0151,3.179,4982.0,1090.0,0.583,83.403,247.77,1327.0,Peterlongo et al 1966
4578,14,0.0151,3.178,5001.0,1140.0,0.559,84.961,247.72,1345.0,Peterlongo et al 1966
4579,14,0.0151,3.178,5001.0,1150.0,0.573,153.597,233.27,1425.0,Peterlongo et al 1966
4580,14,0.0151,3.177,4992.0,1100.0,0.567,168.383,229.97,1418.0,Peterlongo et al 1966
4581,14,0.0151,3.178,5011.0,1190.0,0.536,230.276,216.87,1547.0,Peterlongo et al 1966
4582,14,0.0151,3.178,4992.0,1110.0,0.564,228.85,216.9,1511.0,Peterlongo et al 1966
4583,14,0.0151,3.178,4992.0,1120.0,0.513,379.286,183.28,1616.0,Peterlongo et al 1966
4584,14,0.0151,3.178,5001.0,1120.0,0.507,390.578,180.83,1616.0,Peterlongo et al 1966
4585,14,0.0151,3.164,4982.0,1090.0,0.593,13.082,262.09,1262.0,Peterlongo et al 1966
4586,14,0.0151,3.164,4982.0,1090.0,0.596,13.082,262.09,1268.0,Peterlongo et al 1966
4587,14,0.0151,3.163,4992.0,1130.0,0.573,-65.375,264.85,1173.0,Peterlongo et al 1966
4588,14,0.0151,3.165,4992.0,1130.0,0.582,-65.375,264.85,1193.0,Peterlongo et al 1966
4589,14,0.0151,3.178,4992.0,1540.0,0.463,80.006,248.94,1515.0,Peterlongo et al 1966
4590,14,0.0151,3.177,5001.0,1540.0,0.458,78.349,249.38,1498.0,Peterlongo et al 1966
4591,14,0.0151,3.178,4992.0,1510.0,0.454,163.312,231.36,1609.0,Peterlongo et al 1966
4592,14,0.0151,3.178,4992.0,1530.0,0.444,235.179,215.79,1728.0,Peterlongo et al 1966
4593,14,0.0151,3.177,4992.0,1520.0,0.446,235.189,215.78,1721.0,Peterlongo et al 1966
4594,14,0.0151,3.179,5011.0,1550.0,0.409,381.95,183.18,1918.0,Peterlongo et al 1966
4595,14,0.0151,3.178,5011.0,1540.0,0.41,385.214,182.44,1907.0,Peterlongo et al 1966
4596,14,0.0151,3.164,4992.0,1520.0,0.475,-3.265,265.18,1397.0,Peterlongo et al 1966
4597,14,0.0151,3.165,4992.0,1520.0,0.48,-3.265,265.18,1412.0,Peterlongo et al 1966
4598,14,0.0151,3.164,5001.0,1530.0,0.476,-57.115,265.29,1305.0,Peterlongo et al 1966
4599,14,0.0151,3.163,4992.0,1520.0,0.479,-58.77,265.18,1309.0,Peterlongo et al 1966
4600,14,0.0151,3.178,5001.0,2260.0,0.354,87.986,247.91,1747.0,Peterlongo et al 1966
4601,14,0.0151,3.179,4992.0,2260.0,0.35,92.911,246.77,1750.0,Peterlongo et al 1966
4602,14,0.0151,3.178,4992.0,2230.0,0.341,167.941,230.87,1895.0,Peterlongo et al 1966
4603,14,0.0151,3.178,4992.0,2220.0,0.345,166.317,231.2,1895.0,Peterlongo et al 1966
4604,14,0.0151,3.179,5001.0,2220.0,0.329,228.248,217.85,1986.0,Peterlongo et al 1966
4605,14,0.0151,3.178,4992.0,2220.0,0.329,238.123,215.57,2011.0,Peterlongo et al 1966
4606,14,0.0151,3.178,4992.0,2240.0,0.284,376.963,184.39,2205.0,Peterlongo et al 1966
4607,14,0.0151,3.178,4992.0,2240.0,0.282,373.699,185.13,2192.0,Peterlongo et al 1966
4608,14,0.0151,3.165,4992.0,2220.0,0.368,-1.629,265.73,1578.0,Peterlongo et al 1966
4609,14,0.0151,3.164,4992.0,2220.0,0.367,-1.629,265.73,1573.0,Peterlongo et al 1966
4610,14,0.0151,3.164,5011.0,2260.0,0.37,-53.712,266.03,1469.0,Peterlongo et al 1966
4611,14,0.0151,3.166,5021.0,2260.0,0.372,-52.062,266.15,1488.0,Peterlongo et al 1966
4612,14,0.0151,3.177,5011.0,3060.0,0.26,174.047,230.28,2118.0,Peterlongo et al 1966
4613,14,0.0151,3.178,5001.0,3040.0,0.263,170.868,230.83,2120.0,Peterlongo et al 1966
4614,14,0.0151,3.178,4992.0,3060.0,0.227,265.602,209.82,2259.0,Peterlongo et al 1966
4615,14,0.0151,3.178,4992.0,3070.0,0.225,265.579,209.85,2259.0,Peterlongo et al 1966
4616,14,0.0151,3.178,4992.0,3080.0,0.178,376.74,184.64,2387.0,Peterlongo et al 1966
4617,14,0.0151,3.178,4992.0,3070.0,0.176,381.633,183.52,2396.0,Peterlongo et al 1966
4618,14,0.0151,3.177,4992.0,3030.0,0.287,79.702,250.13,1922.0,Peterlongo et al 1966
4619,14,0.0151,3.177,4982.0,3030.0,0.287,87.872,248.32,1958.0,Peterlongo et al 1966
4620,14,0.0151,3.163,5021.0,3040.0,0.309,8.116,265.19,1824.0,Peterlongo et al 1966
4621,14,0.0151,3.164,5021.0,3040.0,0.307,8.116,265.19,1812.0,Peterlongo et al 1966
4622,14,0.0151,3.163,5041.0,3060.0,0.311,-45.398,267.11,1652.0,Peterlongo et al 1966
4623,14,0.0151,3.164,5041.0,3060.0,0.313,-45.398,267.11,1659.0,Peterlongo et al 1966
4624,14,0.0151,3.178,4992.0,3850.0,0.207,173.954,230.47,2265.0,Peterlongo et al 1966
4625,14,0.0151,3.178,4992.0,3850.0,0.208,169.084,231.5,2259.0,Peterlongo et al 1966
4626,14,0.0151,3.177,4992.0,3870.0,0.163,252.32,213.05,2318.0,Peterlongo et al 1966
4627,14,0.0151,3.178,4992.0,3860.0,0.164,250.693,213.41,2309.0,Peterlongo et al 1966
4628,14,0.0151,3.178,5011.0,3910.0,0.106,364.962,187.62,2441.0,Peterlongo et al 1966
4629,14,0.0151,3.178,5011.0,3890.0,0.104,373.124,185.76,2446.0,Peterlongo et al 1966
4630,14,0.0151,3.178,4972.0,3800.0,0.242,84.494,249.45,2095.0,Peterlongo et al 1966
4631,14,0.0151,3.178,4972.0,3830.0,0.24,86.118,249.11,2099.0,Peterlongo et al 1966
4632,14,0.0151,3.178,4992.0,3850.0,0.268,9.727,265.23,1959.0,Peterlongo et al 1966
4633,14,0.0151,3.179,4992.0,3830.0,0.27,6.484,265.89,1955.0,Peterlongo et al 1966
4634,14,0.0151,3.164,5041.0,3890.0,0.277,-33.951,267.91,1871.0,Peterlongo et al 1966
4635,14,0.0151,3.164,5041.0,3880.0,0.276,-32.333,267.92,1861.0,Peterlongo et al 1966
4636,14,0.0151,3.177,6463.0,1100.0,0.502,69.134,267.69,1092.0,Peterlongo et al 1966
4637,14,0.0151,3.177,6472.0,1100.0,0.494,70.644,267.49,1077.0,Peterlongo et al 1966
4638,14,0.0151,3.18,6502.0,1110.0,0.47,133.443,255.18,1123.0,Peterlongo et al 1966
4639,14,0.0151,3.179,6512.0,1110.0,0.463,154.844,250.91,1140.0,Peterlongo et al 1966
4640,14,0.0151,3.178,6453.0,1100.0,0.461,224.408,235.65,1216.0,Peterlongo et al 1966
4641,14,0.0151,3.179,6453.0,1110.0,0.45,232.093,234.01,1211.0,Peterlongo et al 1966
4642,14,0.0151,3.164,6463.0,1120.0,0.45,293.45,220.89,1311.0,Peterlongo et al 1966
4643,14,0.0151,3.163,6453.0,1120.0,0.448,293.575,220.75,1307.0,Peterlongo et al 1966
4644,14,0.0151,3.178,6472.0,1530.0,0.387,58.314,270.1,1182.0,Peterlongo et al 1966
4645,14,0.0151,3.176,6482.0,1520.0,0.386,58.294,270.19,1168.0,Peterlongo et al 1966
4646,14,0.0151,3.177,6482.0,1530.0,0.37,158.02,250.07,1313.0,Peterlongo et al 1966
4647,14,0.0151,3.177,6472.0,1530.0,0.37,159.616,249.64,1313.0,Peterlongo et al 1966
4648,14,0.0151,3.179,6482.0,1510.0,0.352,245.468,231.65,1402.0,Peterlongo et al 1966
4649,14,0.0151,3.179,6463.0,1530.0,0.364,237.98,233.05,1447.0,Peterlongo et al 1966
4650,14,0.0151,3.178,6463.0,1510.0,0.345,290.304,221.64,1470.0,Peterlongo et al 1966
4651,14,0.0151,3.179,6453.0,2220.0,0.313,58.259,270.35,1411.0,Peterlongo et al 1966
4652,14,0.0151,3.178,6453.0,2220.0,0.318,58.259,270.35,1427.0,Peterlongo et al 1966
4653,14,0.0151,3.178,6512.0,2240.0,0.28,146.951,252.93,1513.0,Peterlongo et al 1966
4654,14,0.0151,3.179,6502.0,2240.0,0.28,150.076,252.18,1532.0,Peterlongo et al 1966
4655,14,0.0151,3.176,6463.0,2230.0,0.253,223.974,236.25,1612.0,Peterlongo et al 1966
4656,14,0.0151,3.178,6463.0,2230.0,0.245,237.811,233.27,1619.0,Peterlongo et al 1966
4657,14,0.0151,3.163,6463.0,2220.0,0.241,280.805,223.98,1714.0,Peterlongo et al 1966
4658,14,0.0151,3.164,6463.0,2220.0,0.244,280.805,223.98,1729.0,Peterlongo et al 1966
4659,14,0.0151,3.179,6453.0,3020.0,0.241,59.764,270.17,1524.0,Peterlongo et al 1966
4660,14,0.0151,3.178,6453.0,3030.0,0.241,59.759,270.19,1527.0,Peterlongo et al 1966
4661,14,0.0151,3.178,6463.0,3040.0,0.201,145.572,252.94,1619.0,Peterlongo et al 1966
4662,14,0.0151,3.179,6463.0,3060.0,0.199,147.117,252.61,1624.0,Peterlongo et al 1966
4663,14,0.0151,3.179,6472.0,3000.0,0.168,214.696,238.31,1661.0,Peterlongo et al 1966
4664,14,0.0151,3.179,6482.0,3000.0,0.168,214.605,238.45,1661.0,Peterlongo et al 1966
4665,14,0.0151,3.164,6463.0,3010.0,0.141,294.467,221.15,1824.0,Peterlongo et al 1966
4666,14,0.0151,3.164,6404.0,2960.0,0.163,278.251,224.03,1856.0,Peterlongo et al 1966
4667,14,0.0151,3.179,6463.0,3860.0,0.173,79.588,266.56,1553.0,Peterlongo et al 1966
4668,14,0.0151,3.177,6453.0,3860.0,0.177,64.297,269.53,1568.0,Peterlongo et al 1966
4669,14,0.0151,3.178,6463.0,3830.0,0.137,159.31,250.2,1657.0,Peterlongo et al 1966
4670,14,0.0151,3.178,6472.0,3860.0,0.134,160.78,250.0,1653.0,Peterlongo et al 1966
4671,14,0.0151,3.164,6443.0,3800.0,0.126,225.455,236.0,1856.0,Peterlongo et al 1966
4672,14,0.0151,3.164,6433.0,3810.0,0.124,217.853,237.54,1832.0,Peterlongo et al 1966
4673,14,0.0151,3.164,6443.0,3840.0,0.096,288.446,222.35,1989.0,Peterlongo et al 1966
4674,14,0.0151,3.164,6453.0,3820.0,0.092,294.47,221.14,1972.0,Peterlongo et al 1966
4675,14,0.0151,2.366,5001.0,1110.0,0.546,78.426,249.07,1716.0,Peterlongo et al 1966
4676,14,0.0151,2.365,5001.0,1110.0,0.539,76.792,249.41,1691.0,Peterlongo et al 1966
4677,14,0.0151,2.366,4992.0,1110.0,0.519,147.105,234.56,1760.0,Peterlongo et al 1966
4678,14,0.0151,2.365,4972.0,1100.0,0.508,229.077,216.54,1859.0,Peterlongo et al 1966
4679,14,0.0151,2.365,4972.0,1100.0,0.497,245.45,212.93,1859.0,Peterlongo et al 1966
4680,14,0.0151,2.366,5070.0,1220.0,0.409,374.767,185.38,2036.0,Peterlongo et al 1966
4681,14,0.0151,2.366,4992.0,1100.0,0.558,3.269,264.17,1588.0,Peterlongo et al 1966
4682,14,0.0151,2.365,4992.0,1100.0,0.557,3.269,264.17,1584.0,Peterlongo et al 1966
4683,14,0.0151,2.366,4992.0,1160.0,0.532,-89.902,264.82,1438.0,Peterlongo et al 1966
4684,14,0.0151,2.366,4982.0,1150.0,0.532,-89.94,264.69,1432.0,Peterlongo et al 1966
4685,14,0.0151,2.366,5001.0,2220.0,0.31,83.126,248.81,2069.0,Peterlongo et al 1966
4686,14,0.0151,2.365,5001.0,2220.0,0.308,83.126,248.81,2064.0,Peterlongo et al 1966
4687,14,0.0151,2.366,5021.0,2230.0,0.275,162.949,232.12,2176.0,Peterlongo et al 1966
4688,14,0.0151,2.292,5001.0,2220.0,0.243,244.717,214.03,2301.0,Peterlongo et al 1966
4689,14,0.0151,2.366,5041.0,2230.0,0.238,260.615,211.04,2280.0,Peterlongo et al 1966
4690,14,0.0151,2.365,5001.0,2240.0,0.191,342.836,191.98,2342.0,Peterlongo et al 1966
4691,14,0.0151,2.365,5001.0,2240.0,0.191,342.836,191.98,2342.0,Peterlongo et al 1966
4692,14,0.0151,2.366,5041.0,2240.0,0.33,3.253,265.59,1912.0,Peterlongo et al 1966
4693,14,0.0151,2.366,5041.0,2240.0,0.33,3.253,265.58,1912.0,Peterlongo et al 1966
4694,14,0.0151,2.365,4952.0,2210.0,0.343,-57.134,265.19,1761.0,Peterlongo et al 1966
4695,14,0.0151,2.366,4943.0,2210.0,0.347,-58.787,265.1,1776.0,Peterlongo et al 1966
4696,14,0.0151,2.365,4962.0,3850.0,0.185,76.48,250.67,2281.0,Peterlongo et al 1966
4697,14,0.0151,2.365,4962.0,3850.0,0.184,69.959,252.06,2276.0,Peterlongo et al 1966
4698,14,0.0151,2.365,5011.0,3870.0,0.121,178.98,229.14,2342.0,Peterlongo et al 1966
4699,14,0.0151,2.365,5031.0,3860.0,0.121,195.083,225.93,2342.0,Peterlongo et al 1966
4700,14,0.0151,2.365,4992.0,3860.0,0.083,260.791,210.79,2450.0,Peterlongo et al 1966
4701,14,0.0151,2.366,5090.0,3990.0,0.038,373.985,186.22,2790.0,Peterlongo et al 1966
4702,14,0.0151,2.365,5090.0,3930.0,0.204,16.169,264.68,2155.0,Peterlongo et al 1966
4703,14,0.0151,2.365,4982.0,3900.0,0.21,16.241,263.42,2172.0,Peterlongo et al 1966
4704,14,0.0151,2.366,4943.0,3820.0,0.239,-34.125,266.49,2093.0,Peterlongo et al 1966
4705,14,0.0151,2.366,6453.0,1110.0,0.445,83.0,264.83,1357.0,Peterlongo et al 1966
4706,14,0.0151,2.365,6482.0,1100.0,0.447,76.767,266.34,1331.0,Peterlongo et al 1966
4707,14,0.0151,2.366,6482.0,1090.0,0.437,153.527,250.81,1420.0,Peterlongo et al 1966
4708,14,0.0151,2.365,6482.0,1110.0,0.42,153.527,250.81,1409.0,Peterlongo et al 1966
4709,14,0.0151,2.365,6482.0,1100.0,0.413,230.309,234.68,1508.0,Peterlongo et al 1966
4710,14,0.0151,2.365,6482.0,1100.0,0.411,230.309,234.68,1502.0,Peterlongo et al 1966
4711,14,0.0151,2.365,6492.0,1120.0,0.383,306.948,218.23,1614.0,Peterlongo et al 1966
4712,14,0.0151,2.366,6502.0,1120.0,0.383,316.022,216.36,1616.0,Peterlongo et al 1966
4713,14,0.0151,2.235,6463.0,1120.0,0.487,-21.505,281.08,1358.0,Peterlongo et al 1966
4714,14,0.0151,2.366,6443.0,2250.0,0.244,82.907,265.13,1629.0,Peterlongo et al 1966
4715,14,0.0151,2.366,6443.0,2240.0,0.245,82.911,265.12,1626.0,Peterlongo et al 1966
4716,14,0.0151,2.365,6414.0,2140.0,0.234,144.547,252.25,1704.0,Peterlongo et al 1966
4717,14,0.0151,2.366,6463.0,2210.0,0.221,145.773,252.55,1700.0,Peterlongo et al 1966
4718,14,0.0151,2.366,6472.0,2230.0,0.195,231.672,234.58,1848.0,Peterlongo et al 1966
4719,14,0.0151,2.366,6482.0,2220.0,0.196,230.04,235.05,1846.0,Peterlongo et al 1966
4720,14,0.0151,2.365,6492.0,2190.0,0.17,303.599,219.22,1957.0,Peterlongo et al 1966
4721,14,0.0151,2.365,6482.0,2220.0,0.167,303.716,219.09,1969.0,Peterlongo et al 1966
4722,14,0.0151,2.235,6463.0,2220.0,0.282,32.203,275.35,1707.0,Peterlongo et al 1966
4723,14,0.0151,2.237,6463.0,2220.0,0.281,32.203,275.35,1704.0,Peterlongo et al 1966
4724,14,0.0151,2.235,6512.0,2270.0,0.182,232.798,234.81,1927.0,Peterlongo et al 1966
4725,14,0.0151,2.235,6512.0,2270.0,0.182,232.798,234.81,1927.0,Peterlongo et al 1966
4726,14,0.0151,2.365,6463.0,3990.0,0.123,73.494,267.68,1616.0,Peterlongo et al 1966
4727,14,0.0151,2.365,6453.0,3800.0,0.132,70.464,268.16,1616.0,Peterlongo et al 1966
4728,14,0.0151,2.366,6472.0,3770.0,0.111,136.308,254.97,1798.0,Peterlongo et al 1966
4729,14,0.0151,2.366,6463.0,3760.0,0.11,137.893,254.55,1798.0,Peterlongo et al 1966
4730,14,0.0151,2.366,6414.0,3810.0,0.085,215.076,237.77,2051.0,Peterlongo et al 1966
4731,14,0.0151,2.366,6463.0,3840.0,0.059,306.763,218.44,2389.0,Peterlongo et al 1966
4732,14,0.0151,2.356,6463.0,3840.0,0.059,306.75,218.45,2399.0,Peterlongo et al 1966
4733,14,0.0151,2.235,6492.0,3860.0,0.149,56.574,271.33,1786.0,Peterlongo et al 1966
4734,14,0.0151,2.235,6463.0,3910.0,0.075,229.831,235.33,2218.0,Peterlongo et al 1966
4735,14,0.0152,2.425,5011.0,1150.0,0.379,695.154,109.51,2348.0,Peterlongo et al 1966
4736,14,0.0152,2.425,5011.0,1310.0,0.337,567.453,139.7,2277.0,Peterlongo et al 1966
4737,14,0.0152,2.425,5011.0,1200.0,0.424,434.974,170.47,2112.0,Peterlongo et al 1966
4738,14,0.0152,2.424,4992.0,1260.0,0.188,1038.168,27.12,2633.0,Peterlongo et al 1966
4739,14,0.0152,2.425,4992.0,1010.0,0.349,869.433,67.61,2277.0,Peterlongo et al 1966
4740,14,0.0152,2.426,4972.0,1050.0,0.367,742.299,97.69,2193.0,Peterlongo et al 1966
4741,14,0.0152,2.425,4992.0,1050.0,0.429,487.765,157.97,1957.0,Peterlongo et al 1966
4742,14,0.0152,2.424,4992.0,1110.0,0.419,418.984,173.86,1921.0,Peterlongo et al 1966
4743,14,0.0152,2.425,4992.0,1100.0,0.379,556.534,141.94,2027.0,Peterlongo et al 1966
4744,14,0.0152,2.425,4992.0,1090.0,0.367,645.006,121.09,2111.0,Peterlongo et al 1966
4745,14,0.0152,2.366,4992.0,2160.0,0.247,325.349,195.45,2494.0,Peterlongo et al 1966
4746,14,0.0152,2.367,5011.0,2200.0,0.238,311.987,198.73,2444.0,Peterlongo et al 1966
4747,14,0.0152,2.366,5001.0,2280.0,0.185,421.806,173.56,2617.0,Peterlongo et al 1966
4748,14,0.0152,2.367,4992.0,2210.0,0.198,413.758,175.3,2590.0,Peterlongo et al 1966
4749,14,0.0152,2.367,4992.0,2360.0,0.129,507.148,153.64,2679.0,Peterlongo et al 1966
4750,14,0.0152,2.366,5001.0,2260.0,0.118,585.57,135.38,2770.0,Peterlongo et al 1966
4751,14,0.0152,2.424,4992.0,2410.0,0.049,703.792,107.24,2912.0,Peterlongo et al 1966
4752,14,0.0152,2.418,4992.0,2340.0,0.005,965.831,44.58,3527.0,Peterlongo et al 1966
4753,14,0.0152,2.438,4982.0,2340.0,0.008,949.872,48.26,3517.0,Peterlongo et al 1966
4754,14,0.0152,2.424,5011.0,3830.0,0.025,411.575,176.24,2665.0,Peterlongo et al 1966
4755,14,0.0152,2.425,4992.0,3840.0,0.005,488.8,158.14,2951.0,Peterlongo et al 1966
4756,14,0.0152,2.425,4992.0,3860.0,-0.014,573.857,138.28,3275.0,Peterlongo et al 1966
4757,14,0.0152,2.425,4992.0,3850.0,0.0,534.642,147.44,3140.0,Peterlongo et al 1966
4758,14,0.0152,2.425,4992.0,3920.0,-0.022,701.44,108.14,4015.0,Peterlongo et al 1966
4759,14,0.0152,2.424,4992.0,4020.0,-0.023,701.44,108.14,4115.0,Peterlongo et al 1966
4760,14,0.0152,2.367,6463.0,1080.0,0.519,16.911,277.67,1404.0,Peterlongo et al 1966
4761,14,0.0152,2.367,6463.0,1080.0,0.518,10.762,278.83,1391.0,Peterlongo et al 1966
4762,14,0.0152,2.368,6492.0,1110.0,0.479,87.528,264.16,1454.0,Peterlongo et al 1966
4763,14,0.0152,2.366,6512.0,1110.0,0.484,88.984,264.1,1469.0,Peterlongo et al 1966
4764,14,0.0152,2.367,6472.0,1080.0,0.478,161.373,248.92,1536.0,Peterlongo et al 1966
4765,14,0.0152,2.366,6472.0,1090.0,0.463,225.932,235.34,1624.0,Peterlongo et al 1966
4766,14,0.0152,2.366,6472.0,1090.0,0.463,225.932,235.34,1624.0,Peterlongo et al 1966
4767,14,0.0152,2.366,6531.0,1130.0,0.415,311.216,217.59,1707.0,Peterlongo et al 1966
4768,14,0.0152,2.366,6443.0,2150.0,0.304,24.586,276.32,1677.0,Peterlongo et al 1966
4769,14,0.0152,2.367,6463.0,2170.0,0.301,24.565,276.53,1681.0,Peterlongo et al 1966
4770,14,0.0152,2.366,6443.0,2200.0,0.27,89.138,263.63,1755.0,Peterlongo et al 1966
4771,14,0.0152,2.366,6463.0,2170.0,0.274,90.605,263.53,1758.0,Peterlongo et al 1966
4772,14,0.0152,2.366,6463.0,2230.0,0.241,153.587,250.7,1847.0,Peterlongo et al 1966
4773,14,0.0152,2.366,6463.0,2230.0,0.245,153.593,250.69,1856.0,Peterlongo et al 1966
4774,14,0.0152,2.367,6463.0,2200.0,0.223,225.811,235.51,1980.0,Peterlongo et al 1966
4775,14,0.0152,2.367,6463.0,2200.0,0.222,225.811,235.51,1973.0,Peterlongo et al 1966
4776,14,0.0152,2.366,6482.0,2200.0,0.184,308.576,217.8,2063.0,Peterlongo et al 1966
4777,14,0.0152,2.366,6453.0,3750.0,0.171,44.49,272.87,1793.0,Peterlongo et al 1966
4778,14,0.0152,2.366,6453.0,3750.0,0.166,49.084,272.02,1782.0,Peterlongo et al 1966
4779,14,0.0152,2.367,6453.0,3820.0,0.146,79.782,265.92,1817.0,Peterlongo et al 1966
4780,14,0.0152,2.367,6463.0,3720.0,0.15,84.377,265.03,1817.0,Peterlongo et al 1966
4781,14,0.0152,2.366,6453.0,3800.0,0.118,153.518,250.83,1971.0,Peterlongo et al 1966
4782,14,0.0152,2.367,6443.0,3810.0,0.117,153.583,250.71,1952.0,Peterlongo et al 1966
4783,14,0.0152,2.367,6472.0,3750.0,0.088,227.107,235.51,2133.0,Peterlongo et al 1966
4784,14,0.0152,2.367,6482.0,3750.0,0.09,228.535,235.33,2152.0,Peterlongo et al 1966
4785,14,0.0152,2.367,6492.0,3810.0,0.057,317.452,216.14,2417.0,Peterlongo et al 1966
